500
1 233 2
16 233 26
31 233 41
46 233 56
61 233 71
76 233 86
91 233 101
106 233 116
121 233 131
136 233 146
151 233 161
166 233 176
181 233 191
196 233 206
211 233 221
226 233 236
241 233 251
256 233 266
271 233 281
286 233 296
301 233 311
316 233 326
331 233 341
346 233 356
361 233 371
376 233 386
391 233 401
406 233 416
421 233 431
436 233 446
451 233 461
466 233 476
481 233 491
496 233 506
511 233 521
526 233 536
541 233 551
556 233 566
571 233 581
586 233 596
601 233 611
616 233 626
631 233 641
646 233 656
661 233 671
676 233 686
691 233 701
706 233 716
721 233 731
736 233 746
751 233 761
766 233 776
781 233 791
796 233 806
811 233 821
826 233 836
841 233 851
856 233 866
871 233 881
886 233 896
901 233 911
916 233 926
931 233 941
946 233 956
961 233 971
976 233 986
991 233 1001
1006 233 1016
1021 233 1031
1036 233 1046
1051 233 1061
1066 233 1076
1081 233 1091
1096 233 1106
1111 233 1121
1126 233 1136
1141 233 1151
1156 233 1166
1171 233 1181
1186 233 1196
1201 233 1211
1216 233 1226
1231 233 1241
1246 233 1256
1261 233 1271
1276 233 1286
1291 233 1301
1306 233 1316
1321 233 1331
1336 233 1346
1351 233 1361
1366 233 1376
1381 233 1391
1396 233 1406
1411 233 1421
1426 233 1436
1441 233 1451
1456 233 1466
1471 233 1481
1486 233 1496
1501 233 1511
1516 233 1526
1531 233 1541
1546 233 1556
1561 233 1571
1576 233 1586
1591 233 1601
1606 233 1616
1621 233 1631
1636 233 1646
1651 233 1661
1666 233 1676
1681 233 1691
1696 233 1706
1711 233 1721
1726 233 1736
1741 233 1751
1756 233 1766
1771 233 1781
1786 233 1796
1801 233 1811
1816 233 1826
1831 233 1841
1846 233 1856
1861 233 1871
1876 233 1886
1891 233 1901
1906 233 1916
1921 233 1931
1936 233 1946
1951 233 1961
1966 233 1976
1981 233 1991
1996 233 2006
2011 233 2021
2026 233 2036
2041 233 2051
2056 233 2066
2071 233 2081
2086 233 2096
2101 233 2111
2116 233 2126
2131 233 2141
2146 233 2156
2161 233 2171
2176 233 2186
2191 233 2201
2206 233 2216
2221 233 2231
2236 233 2246
2251 233 2261
2266 233 2276
2281 233 2291
2296 233 2306
2311 233 2321
2326 233 2336
2341 233 2351
2356 233 2366
2371 233 2381
2386 233 2396
2401 233 2411
2416 233 2426
2431 233 2441
2446 233 2456
2461 233 2471
2476 233 2486
2491 233 2501
2506 233 2516
2521 233 2531
2536 233 2546
2551 233 2561
2566 233 2576
2581 233 2591
2596 233 2606
2611 233 2621
2626 233 2636
2641 233 2651
2656 233 2666
2671 233 2681
2686 233 2696
2701 233 2711
2716 233 2726
2731 233 2741
2746 233 2756
2761 233 2771
2776 233 2786
2791 233 2801
2806 233 2816
2821 233 2831
2836 233 2846
2851 233 2861
2866 233 2876
2881 233 2891
2896 233 2906
2911 233 2921
2926 233 2936
2941 233 2951
2956 233 2966
2971 233 2981
2986 233 2996
3001 233 3011
3016 233 3026
3031 233 3041
3046 233 3056
3061 233 3071
3076 233 3086
3091 233 3101
3106 233 3116
3121 233 3131
3136 233 3146
3151 233 3161
3166 233 3176
3181 233 3191
3196 233 3206
3211 233 3221
3226 233 3236
3241 233 3251
3256 233 3266
3271 233 3281
3286 233 3296
3301 233 3311
3316 233 3326
3331 233 3341
3346 233 3356
3361 233 3371
3376 233 3386
3391 233 3401
3406 233 3416
3421 233 3431
3436 233 3446
3451 233 3461
3466 233 3476
3481 233 3491
3496 233 3506
3511 233 3521
3526 233 3536
3541 233 3551
3556 233 3566
3571 233 3581
3586 233 3596
3601 233 3611
3616 233 3626
3631 233 3641
3646 233 3656
3661 233 3671
3676 233 3686
3691 233 3701
3706 233 3716
3721 233 3731
3736 233 3746
3751 233 3761
3766 233 3776
3781 233 3791
3796 233 3806
3811 233 3821
3826 233 3836
3841 233 3851
3856 233 3866
3871 233 3881
3886 233 3896
3901 233 3911
3916 233 3926
3931 233 3941
3946 233 3956
3961 233 3971
3976 233 3986
3991 233 4001
4006 233 4016
4021 233 4031
4036 233 4046
4051 233 4061
4066 233 4076
4081 233 4091
4096 233 4106
4111 233 4121
4126 233 4136
4141 233 4151
4156 233 4166
4171 233 4181
4186 233 4196
4201 233 4211
4216 233 4226
4231 233 4241
4246 233 4256
4261 233 4271
4276 233 4286
4291 233 4301
4306 233 4316
4321 233 4331
4336 233 4346
4351 233 4361
4366 233 4376
4381 233 4391
4396 233 4406
4411 233 4421
4426 233 4436
4441 233 4451
4456 233 4466
4471 233 4481
4486 233 4496
4501 233 4511
4516 233 4526
4531 233 4541
4546 233 4556
4561 233 4571
4576 233 4586
4591 233 4601
4606 233 4616
4621 233 4631
4636 233 4646
4651 233 4661
4666 233 4676
4681 233 4691
4696 233 4706
4711 233 4721
4726 233 4736
4741 233 4751
4756 233 4766
4771 233 4781
4786 233 4796
4801 233 4811
4816 233 4826
4831 233 4841
4846 233 4856
4861 233 4871
4876 233 4886
4891 233 4901
4906 233 4916
4921 233 4931
4936 233 4946
4951 233 4961
4966 233 4976
4981 233 4991
4996 233 5006
5011 233 5021
5026 233 5036
5041 233 5051
5056 233 5066
5071 233 5081
5086 233 5096
5101 233 5111
5116 233 5126
5131 233 5141
5146 233 5156
5161 233 5171
5176 233 5186
5191 233 5201
5206 233 5216
5221 233 5231
5236 233 5246
5251 233 5261
5266 233 5276
5281 233 5291
5296 233 5306
5311 233 5321
5326 233 5336
5341 233 5351
5356 233 5366
5371 233 5381
5386 233 5396
5401 233 5411
5416 233 5426
5431 233 5441
5446 233 5456
5461 233 5471
5476 233 5486
5491 233 5501
5506 233 5516
5521 233 5531
5536 233 5546
5551 233 5561
5566 233 5576
5581 233 5591
5596 233 5606
5611 233 5621
5626 233 5636
5641 233 5651
5656 233 5666
5671 233 5681
5686 233 5696
5701 233 5711
5716 233 5726
5731 233 5741
5746 233 5756
5761 233 5771
5776 233 5786
5791 233 5801
5806 233 5816
5821 233 5831
5836 233 5846
5851 233 5861
5866 233 5876
5881 233 5891
5896 233 5906
5911 233 5921
5926 233 5936
5941 233 5951
5956 233 5966
5971 233 5981
5986 233 5996
6001 233 6011
6016 233 6026
6031 233 6041
6046 233 6056
6061 233 6071
6076 233 6086
6091 233 6101
6106 233 6116
6121 233 6131
6136 233 6146
6151 233 6161
6166 233 6176
6181 233 6191
6196 233 6206
6211 233 6221
6226 233 6236
6241 233 6251
6256 233 6266
6271 233 6281
6286 233 6296
6301 233 6311
6316 233 6326
6331 233 6341
6346 233 6356
6361 233 6371
6376 233 6386
6391 233 6401
6406 233 6416
6421 233 6431
6436 233 6446
6451 233 6461
6466 233 6476
6481 233 6491
6496 233 6506
6511 233 6521
6526 233 6536
6541 233 6551
6556 233 6566
6571 233 6581
6586 233 6596
6601 233 6611
6616 233 6626
6631 233 6641
6646 233 6656
6661 233 6671
6676 233 6686
6691 233 6701
6706 233 6716
6721 233 6731
6736 233 6746
6751 233 6761
6766 233 6776
6781 233 6791
6796 233 6806
6811 233 6821
6826 233 6836
6841 233 6851
6856 233 6866
6871 233 6881
6886 233 6896
6901 233 6911
6916 233 6926
6931 233 6941
6946 233 6956
6961 233 6971
6976 233 6986
6991 233 7001
7006 233 7016
7021 233 7031
7036 233 7046
7051 233 7061
7066 233 7076
7081 233 7091
7096 233 7106
7111 233 7121
7126 233 7136
7141 233 7151
7156 233 7166
7171 233 7181
7186 233 7196
7201 233 7211
7216 233 7226
7231 233 7241
7246 233 7256
7261 233 7271
7276 233 7286
7291 233 7301
7306 233 7316
7321 233 7331
7336 233 7346
7351 233 7361
7366 233 7376
7381 233 7391
7396 233 7406
7411 233 7421
7426 233 7436
7441 233 7451
7456 233 7466
7471 233 7481
7486 233 7496
