1
233
2
0
16
233
26
0
31
233
41
0
46
233
56
0
61
233
71
0
76
233
86
0
91
233
101
0
106
233
116
0
121
233
131
0
136
233
146
0
151
233
161
0
166
233
176
0
181
233
191
0
196
233
206
0
211
233
221
0
226
233
236
0
241
233
251
0
256
233
266
0
271
233
281
0
286
233
296
0
301
233
311
0
316
233
326
0
331
233
341
0
346
233
356
0
361
233
371
0
376
233
386
0
391
233
401
0
406
233
416
0
421
233
431
0
436
233
446
0
451
233
461
0
466
233
476
0
481
233
491
0
496
233
506
0
511
233
521
0
526
233
536
0
541
233
551
0
556
233
566
0
571
233
581
0
586
233
596
0
601
233
611
0
616
233
626
0
631
233
641
0
646
233
656
0
661
233
671
0
676
233
686
0
691
233
701
0
706
233
716
0
721
233
731
0
736
233
746
0
751
233
761
0
766
233
776
0
781
233
791
0
796
233
806
0
811
233
821
0
826
233
836
0
841
233
851
0
856
233
866
0
871
233
881
0
886
233
896
0
901
233
911
0
916
233
926
0
931
233
941
0
946
233
956
0
961
233
971
0
976
233
986
0
991
233
1001
0
1006
233
1016
0
1021
233
1031
0
1036
233
1046
0
1051
233
1061
0
1066
233
1076
0
1081
233
1091
0
1096
233
1106
0
1111
233
1121
0
1126
233
1136
0
1141
233
1151
0
1156
233
1166
0
1171
233
1181
0
1186
233
1196
0
1201
233
1211
0
1216
233
1226
0
1231
233
1241
0
1246
233
1256
0
1261
233
1271
0
1276
233
1286
0
1291
233
1301
0
1306
233
1316
0
1321
233
1331
0
1336
233
1346
0
1351
233
1361
0
1366
233
1376
0
1381
233
1391
0
1396
233
1406
0
1411
233
1421
0
1426
233
1436
0
1441
233
1451
0
1456
233
1466
0
1471
233
1481
0
1486
233
1496
0
1501
233
1511
0
1516
233
1526
0
1531
233
1541
0
1546
233
1556
0
1561
233
1571
0
1576
233
1586
0
1591
233
1601
0
1606
233
1616
0
1621
233
1631
0
1636
233
1646
0
1651
233
1661
0
1666
233
1676
0
1681
233
1691
0
1696
233
1706
0
1711
233
1721
0
1726
233
1736
0
1741
233
1751
0
1756
233
1766
0
1771
233
1781
0
1786
233
1796
0
1801
233
1811
0
1816
233
1826
0
1831
233
1841
0
1846
233
1856
0
1861
233
1871
0
1876
233
1886
0
1891
233
1901
0
1906
233
1916
0
1921
233
1931
0
1936
233
1946
0
1951
233
1961
0
1966
233
1976
0
1981
233
1991
0
1996
233
2006
0
2011
233
2021
0
2026
233
2036
0
2041
233
2051
0
2056
233
2066
0
2071
233
2081
0
2086
233
2096
0
2101
233
2111
0
2116
233
2126
0
2131
233
2141
0
2146
233
2156
0
2161
233
2171
0
2176
233
2186
0
2191
233
2201
0
2206
233
2216
0
2221
233
2231
0
2236
233
2246
0
2251
233
2261
0
2266
233
2276
0
2281
233
2291
0
2296
233
2306
0
2311
233
2321
0
2326
233
2336
0
2341
233
2351
0
2356
233
2366
0
2371
233
2381
0
2386
233
2396
0
2401
233
2411
0
2416
233
2426
0
2431
233
2441
0
2446
233
2456
0
2461
233
2471
0
2476
233
2486
0
2491
233
2501
0
2506
233
2516
0
2521
233
2531
0
2536
233
2546
0
2551
233
2561
0
2566
233
2576
0
2581
233
2591
0
2596
233
2606
0
2611
233
2621
0
2626
233
2636
0
2641
233
2651
0
2656
233
2666
0
2671
233
2681
0
2686
233
2696
0
2701
233
2711
0
2716
233
2726
0
2731
233
2741
0
2746
233
2756
0
2761
233
2771
0
2776
233
2786
0
2791
233
2801
0
2806
233
2816
0
2821
233
2831
0
2836
233
2846
0
2851
233
2861
0
2866
233
2876
0
2881
233
2891
0
2896
233
2906
0
2911
233
2921
0
2926
233
2936
0
2941
233
2951
0
2956
233
2966
0
2971
233
2981
0
2986
233
2996
0
3001
233
3011
0
3016
233
3026
0
3031
233
3041
0
3046
233
3056
0
3061
233
3071
0
3076
233
3086
0
3091
233
3101
0
3106
233
3116
0
3121
233
3131
0
3136
233
3146
0
3151
233
3161
0
3166
233
3176
0
3181
233
3191
0
3196
233
3206
0
3211
233
3221
0
3226
233
3236
0
3241
233
3251
0
3256
233
3266
0
3271
233
3281
0
3286
233
3296
0
3301
233
3311
0
3316
233
3326
0
3331
233
3341
0
3346
233
3356
0
3361
233
3371
0
3376
233
3386
0
3391
233
3401
0
3406
233
3416
0
3421
233
3431
0
3436
233
3446
0
3451
233
3461
0
3466
233
3476
0
3481
233
3491
0
3496
233
3506
0
3511
233
3521
0
3526
233
3536
0
3541
233
3551
0
3556
233
3566
0
3571
233
3581
0
3586
233
3596
0
3601
233
3611
0
3616
233
3626
0
3631
233
3641
0
3646
233
3656
0
3661
233
3671
0
3676
233
3686
0
3691
233
3701
0
3706
233
3716
0
3721
233
3731
0
3736
233
3746
0
3751
233
3761
0
3766
233
3776
0
3781
233
3791
0
3796
233
3806
0
3811
233
3821
0
3826
233
3836
0
3841
233
3851
0
3856
233
3866
0
3871
233
3881
0
3886
233
3896
0
3901
233
3911
0
3916
233
3926
0
3931
233
3941
0
3946
233
3956
0
3961
233
3971
0
3976
233
3986
0
3991
233
4001
0
4006
233
4016
0
4021
233
4031
0
4036
233
4046
0
4051
233
4061
0
4066
233
4076
0
4081
233
4091
0
4096
233
4106
0
4111
233
4121
0
4126
233
4136
0
4141
233
4151
0
4156
233
4166
0
4171
233
4181
0
4186
233
4196
0
4201
233
4211
0
4216
233
4226
0
4231
233
4241
0
4246
233
4256
0
4261
233
4271
0
4276
233
4286
0
4291
233
4301
0
4306
233
4316
0
4321
233
4331
0
4336
233
4346
0
4351
233
4361
0
4366
233
4376
0
4381
233
4391
0
4396
233
4406
0
4411
233
4421
0
4426
233
4436
0
4441
233
4451
0
4456
233
4466
0
4471
233
4481
0
4486
233
4496
0
4501
233
4511
0
4516
233
4526
0
4531
233
4541
0
4546
233
4556
0
4561
233
4571
0
4576
233
4586
0
4591
233
4601
0
4606
233
4616
0
4621
233
4631
0
4636
233
4646
0
4651
233
4661
0
4666
233
4676
0
4681
233
4691
0
4696
233
4706
0
4711
233
4721
0
4726
233
4736
0
4741
233
4751
0
4756
233
4766
0
4771
233
4781
0
4786
233
4796
0
4801
233
4811
0
4816
233
4826
0
4831
233
4841
0
4846
233
4856
0
4861
233
4871
0
4876
233
4886
0
4891
233
4901
0
4906
233
4916
0
4921
233
4931
0
4936
233
4946
0
4951
233
4961
0
4966
233
4976
0
4981
233
4991
0
4996
233
5006
0
5011
233
5021
0
5026
233
5036
0
5041
233
5051
0
5056
233
5066
0
5071
233
5081
0
5086
233
5096
0
5101
233
5111
0
5116
233
5126
0
5131
233
5141
0
5146
233
5156
0
5161
233
5171
0
5176
233
5186
0
5191
233
5201
0
5206
233
5216
0
5221
233
5231
0
5236
233
5246
0
5251
233
5261
0
5266
233
5276
0
5281
233
5291
0
5296
233
5306
0
5311
233
5321
0
5326
233
5336
0
5341
233
5351
0
5356
233
5366
0
5371
233
5381
0
5386
233
5396
0
5401
233
5411
0
5416
233
5426
0
5431
233
5441
0
5446
233
5456
0
5461
233
5471
0
5476
233
5486
0
5491
233
5501
0
5506
233
5516
0
5521
233
5531
0
5536
233
5546
0
5551
233
5561
0
5566
233
5576
0
5581
233
5591
0
5596
233
5606
0
5611
233
5621
0
5626
233
5636
0
5641
233
5651
0
5656
233
5666
0
5671
233
5681
0
5686
233
5696
0
5701
233
5711
0
5716
233
5726
0
5731
233
5741
0
5746
233
5756
0
5761
233
5771
0
5776
233
5786
0
5791
233
5801
0
5806
233
5816
0
5821
233
5831
0
5836
233
5846
0
5851
233
5861
0
5866
233
5876
0
5881
233
5891
0
5896
233
5906
0
5911
233
5921
0
5926
233
5936
0
5941
233
5951
0
5956
233
5966
0
5971
233
5981
0
5986
233
5996
0
6001
233
6011
0
6016
233
6026
0
6031
233
6041
0
6046
233
6056
0
6061
233
6071
0
6076
233
6086
0
6091
233
6101
0
6106
233
6116
0
6121
233
6131
0
6136
233
6146
0
6151
233
6161
0
6166
233
6176
0
6181
233
6191
0
6196
233
6206
0
6211
233
6221
0
6226
233
6236
0
6241
233
6251
0
6256
233
6266
0
6271
233
6281
0
6286
233
6296
0
6301
233
6311
0
6316
233
6326
0
6331
233
6341
0
6346
233
6356
0
6361
233
6371
0
6376
233
6386
0
6391
233
6401
0
6406
233
6416
0
6421
233
6431
0
6436
233
6446
0
6451
233
6461
0
6466
233
6476
0
6481
233
6491
0
6496
233
6506
0
6511
233
6521
0
6526
233
6536
0
6541
233
6551
0
6556
233
6566
0
6571
233
6581
0
6586
233
6596
0
6601
233
6611
0
6616
233
6626
0
6631
233
6641
0
6646
233
6656
0
6661
233
6671
0
6676
233
6686
0
6691
233
6701
0
6706
233
6716
0
6721
233
6731
0
6736
233
6746
0
6751
233
6761
0
6766
233
6776
0
6781
233
6791
0
6796
233
6806
0
6811
233
6821
0
6826
233
6836
0
6841
233
6851
0
6856
233
6866
0
6871
233
6881
0
6886
233
6896
0
6901
233
6911
0
6916
233
6926
0
6931
233
6941
0
6946
233
6956
0
6961
233
6971
0
6976
233
6986
0
6991
233
7001
0
7006
233
7016
0
7021
233
7031
0
7036
233
7046
0
7051
233
7061
0
7066
233
7076
0
7081
233
7091
0
7096
233
7106
0
7111
233
7121
0
7126
233
7136
0
7141
233
7151
0
7156
233
7166
0
7171
233
7181
0
7186
233
7196
0
7201
233
7211
0
7216
233
7226
0
7231
233
7241
0
7246
233
7256
0
7261
233
7271
0
7276
233
7286
0
7291
233
7301
0
7306
233
7316
0
7321
233
7331
0
7336
233
7346
0
7351
233
7361
0
7366
233
7376
0
7381
233
7391
0
7396
233
7406
0
7411
233
7421
0
7426
233
7436
0
7441
233
7451
0
7456
233
7466
0
7471
233
7481
0
7486
233
7496
0
